0     0.021894560851782208  0.0525406071786946  0.07225138982715083  0.0906495366567297  0.10962592679910815  0.13129076357689265  0.15787574331040327  0.19316005935498382  
10     0.022043289604691856  0.051776130411400646  0.07171853298283924  0.09053950489692388  0.11008361306608927  0.1318898183734099  0.15958828757613522  0.19662418978634918  
20     0.019682172028085174  0.049928303852879545  0.07048017140295261  0.08959926701392003  0.10933154824684456  0.1326416316178878  0.16134572612360493  0.19981161981759732  
30     0.0189477348194308  0.04838411876116372  0.0688274169823192  0.08878162374006258  0.11036146225569844  0.13431261292281776  0.16375074552433988  0.20504834941947395  
40     0.018359128662988687  0.04570686656578087  0.06710010283738901  0.08744819900716382  0.10905166004498937  0.1346065020871536  0.16576360379721503  0.20703811458351565  
50     0.016316577095994426  0.04305994287134043  0.06540821499011258  0.08718286443015698  0.10991492157346315  0.13591807753235904  0.16802240217022255  0.21151453834711345  
60     0.014437146995846188  0.04079043198762888  0.06295734194801647  0.08562894310144453  0.10923228284847118  0.136695017035547  0.17011119875634617  0.21373013815674363  
70     0.01262345671112265  0.03825006529085999  0.06168582324456755  0.08515051004156911  0.10999421775722464  0.13979607818786063  0.1740606248496028  0.21991431115617055  
80     0.010537380925333045  0.03608061365456767  0.06007848789597066  0.08457303452435466  0.11059124267471115  0.14038993928638718  0.17628800496929195  0.22455335467259288  
90     0.009227704598205315  0.034245961740588436  0.058767624937119664  0.08515698218494701  0.11239075350499333  0.14249298287033746  0.18031809381571695  0.23103871704333476  
100     0.007348005651971044  0.03155768991594429  0.059034204272959453  0.08549166757898198  0.11311858542996364  0.14421347944930463  0.18378776683954076  0.23660060458045057  
110     0.004728656469900264  0.029849960127839963  0.05834417019217274  0.08614413695708957  0.11546952348538372  0.14876982466161914  0.18968665953449435  0.2440710838708393  
120     0.0052239488111863255  0.032445394307920546  0.061587826857845925  0.0895101355266655  0.11979094816052249  0.15465491731767608  0.1961562392756008  0.25151298543608946  
130     0.004215204885847003  0.03782760820440912  0.06542799670030217  0.09306879897228851  0.12407083782231303  0.1594938843974213  0.2026367311194711  0.2610670266766188  
140     0.0038426096268019  0.038474422417719124  0.06663118707807837  0.09541995657990658  0.12674026144887923  0.1634294376244169  0.2078652779487961  0.2689129061027773  
