0.000000000000000000e+00
2.046516716137693592e+01
2.559527366966513640e+01
2.075171323784475419e+01
2.092349914191375149e+01
0.000000000000000000e+00
2.517030522414567884e+01
2.536888679769992905e+01
2.291052457130480846e+01
0.000000000000000000e+00
1.707352095483096477e+01
1.671394645679881918e+01
2.190124516550878653e+01
2.211000262331579336e+01
1.794994668627931844e+01
2.246544333322607656e+01
1.884587230435296945e+01
1.607402089036103732e+01
0.000000000000000000e+00
2.171262618019395063e+01
0.000000000000000000e+00
0.000000000000000000e+00
1.500488380402526190e+01
1.923482784434394333e+01
0.000000000000000000e+00
1.508094007964685268e+01
2.060903289358387624e+01
1.772347847676494936e+01
1.745165957099017362e+01
2.281354396424347897e+01
2.153864031850542560e+01
1.693331908331805380e+01
1.980099440213884066e+01
1.860800758127115984e+01
0.000000000000000000e+00
0.000000000000000000e+00
0.000000000000000000e+00
0.000000000000000000e+00
2.152180294964335516e+01
0.000000000000000000e+00
2.189579196486459978e+01
1.724787369327326658e+01
2.461058454696103581e+01
2.192317016877178659e+01
1.925459786073719926e+01
1.721154321487792416e+01
2.457053016106442200e+01
1.817262016690340687e+01
2.048369556616573561e+01
2.224937436169624760e+01
2.281673622967739234e+01
0.000000000000000000e+00
0.000000000000000000e+00
1.511711577359288050e+01
0.000000000000000000e+00
0.000000000000000000e+00
2.037668561161112635e+01
0.000000000000000000e+00
1.792945094222961444e+01
0.000000000000000000e+00
1.663427190477957041e+01
2.374822330596974140e+01
2.228118561338080283e+01
1.940663555675828533e+01
1.647730305124279582e+01
2.406244371245517044e+01
2.152339574956249635e+01
2.401125854240536484e+01
0.000000000000000000e+00
1.710951620537025519e+01
0.000000000000000000e+00
2.107845261968477857e+01
0.000000000000000000e+00
2.321574269696983350e+01
1.787446737305710798e+01
2.438829459640896502e+01
2.364673763512539395e+01
2.259266658071053158e+01
1.923813343717811719e+01
2.134824501860871493e+01
2.557790546807898480e+01
0.000000000000000000e+00
1.836669334476497895e+01
1.833826725822528658e+01
1.763673263638736444e+01
2.120608732416390296e+01
1.905666006952462155e+01
0.000000000000000000e+00
2.273167381381699315e+01
2.149974406920544823e+01
2.251738061443573002e+01
1.866702231618678809e+01
0.000000000000000000e+00
1.958231647105656492e+01
2.274607568688918136e+01
1.540909167898349885e+01
2.093246179215609004e+01
2.072575307150222201e+01
0.000000000000000000e+00
1.650475972664613167e+01
0.000000000000000000e+00
0.000000000000000000e+00
2.136802638460615000e+01
1.847099525592854263e+01
0.000000000000000000e+00
1.731496205320291892e+01
1.720588179271861762e+01
2.380325632999425878e+01
1.754347758363797993e+01
2.252537442292003789e+01
0.000000000000000000e+00
2.526425474932910120e+01
2.050061277864653420e+01
0.000000000000000000e+00
0.000000000000000000e+00
2.002774560554177796e+01
0.000000000000000000e+00
1.606094172062359604e+01
2.118835673181520463e+01
0.000000000000000000e+00
1.940258395716475448e+01
2.256808513601080080e+01
1.967249553743196699e+01
1.993487609768993707e+01
2.282687823065096566e+01
1.944200435571184116e+01
1.533369319757381888e+01
2.070343344410068198e+01
2.415432366574824030e+01
1.934308200339737382e+01
0.000000000000000000e+00
1.546419870266352525e+01
0.000000000000000000e+00
1.828204381270865042e+01
1.905673837627921685e+01
2.472697322132193776e+01
2.283688406165386198e+01
0.000000000000000000e+00
2.122904922301117381e+01
2.255459467300327958e+01
1.741696686413867567e+01
0.000000000000000000e+00
1.668408651477679072e+01
0.000000000000000000e+00
1.675247366556136797e+01
2.577991563521537444e+01
2.376821185731281361e+01
2.559729819380224569e+01
2.052920682094052296e+01
1.682286167445992930e+01
1.757566563788594038e+01
2.015824933391417417e+01
1.981155533488670173e+01
2.125693077726604230e+01
2.596059301138281228e+01
2.473056047732899998e+01
2.119287964876361485e+01
2.095441846681562126e+01
2.527366753785824827e+01
1.963097005828396746e+01
1.596003577372083448e+01
2.497178057367709769e+01
1.864668158181384783e+01
2.085537660927932180e+01
2.227948550643227676e+01
2.294551729753804636e+01
2.215025601596663307e+01
0.000000000000000000e+00
1.876159090595186996e+01
1.546785234074304505e+01
2.272279407584263211e+01
2.460934887442756747e+01
2.095879290333999734e+01
2.599468161984128756e+01
2.328421843206554698e+01
2.357133652177009608e+01
2.237277559763689183e+01
0.000000000000000000e+00
2.217601344928182172e+01
2.204862864466221595e+01
2.574878875586960447e+01
2.474530639722508241e+01
2.276990151462239353e+01
2.011017535858587379e+01
1.756913052100325956e+01
2.467899285481387750e+01
2.488102042292107896e+01
2.451575727593167997e+01
1.758774329833457628e+01
2.197063713102739513e+01
1.693692858530966205e+01
0.000000000000000000e+00
2.034248358934354783e+01
1.591944245883569309e+01
0.000000000000000000e+00
1.949476497712585399e+01
1.666021774973845027e+01
2.140672805388698663e+01
2.241154324749994586e+01
2.273454002134102225e+01
2.339915939458479954e+01
2.286036414527372429e+01
2.463760752905340112e+01
0.000000000000000000e+00
1.668281292004071403e+01
2.011263125477801594e+01
0.000000000000000000e+00
0.000000000000000000e+00
2.594075462010848909e+01
2.071167072203131454e+01
2.004037276311215976e+01
2.079916060617856033e+01
0.000000000000000000e+00
1.934058066081227167e+01
1.653874389975096548e+01
2.350831865487871752e+01
1.761930093541338849e+01
2.312256928234323183e+01
0.000000000000000000e+00
2.163296815970661413e+01
0.000000000000000000e+00
1.686237707701138433e+01
0.000000000000000000e+00
2.032122965543645421e+01
0.000000000000000000e+00
